2023-04-01 00 10 85 2
2023-04-01 04 9 90 1
2023-04-01 08 12 80 0
2023-04-01 12 15 75 0
2023-04-01 16 14 70 0
2023-04-01 20 11 85 2
2023-04-02 00 12 80 0
2023-04-02 04 11 85 0
2023-04-02 08 14 75 0
2023-04-02 12 17 65 0
2023-04-02 16 16 60 0
2023-04-02 20 13 80 1
2023-04-03 00 15 70 2
2023-04-03 04 14 75 1
2023-04-03 08 18 65 0
2023-04-03 12 22 60 0
2023-04-03 16 20 55 5
2023-04-03 20 16 60 3
2023-04-04 00 12 85 4
2023-04-04 04 10 90 3
2023-04-04 08 11 75 2
2023-04-04 12 15 70 1
2023-04-04 16 14 65 0
2023-04-04 20 10 90 6
2023-04-05 00 14 80 0
2023-04-05 04 13 85 0
2023-04-05 08 16 75 0
2023-04-05 12 19 70 0
2023-04-05 16 18 65 0
2023-04-05 20 15 75 1
2023-04-06 00 18 60 3
2023-04-06 04 17 65 2
2023-04-06 08 20 55 1
2023-04-06 12 25 50 0
2023-04-06 16 23 60 2
2023-04-06 20 19 70 4
2023-04-07 00 9 90 7
2023-04-07 04 8 95 6
2023-04-07 08 10 85 5
2023-04-07 12 13 80 3
2023-04-07 16 12 75 2
2023-04-07 20 10 90 10
